Names	AUC	RMSE	MAE	H	H2	Gini	AUCH	KS
PheHasStruct_001_Trait_H2_03_GenotypeData_NoMissing_--assoc.qassoc	0.794561700068909	1.52656225891292	1.19905496980762	0.468800788073814	1.02593038675547e-06	0.589123400137817	0.835127262898653	0.591716287962649
PheHasStruct_002_Trait_H2_03_GenotypeData_NoMissing_--assoc.qassoc	0.785204475997466	1.56164583459964	1.27336064224733	0.519007674780387	1.01025817378364e-06	0.570408951994933	0.839373974177332	0.608723569415153
PheHasStruct_005_Trait_H2_03_GenotypeData_NoMissing_--assoc.qassoc	0.769676613266662	1.49116498988178	1.16534479127956	0.465568882087233	3.91721773862486e-06	0.539353226533325	0.826069460475189	0.596546295538378
PheHasStruct_010_Trait_H2_03_GenotypeData_NoMissing_--assoc.qassoc	0.816546090442514	1.53045135304026	1.27702574168304	0.522352723033716	9.29001251814832e-07	0.633092180885029	0.864388820737243	0.637710610103425
PheHasStruct_016_Trait_H2_03_GenotypeData_NoMissing_--assoc.qassoc	0.801797390558009	1.56931885525928	1.25415022742957	0.498557606851654	1.51227469147308e-06	0.603594781116018	0.848204870990124	0.607640992876398
PheHasStruct_018_Trait_H2_03_GenotypeData_NoMissing_--assoc.qassoc	0.829365973607459	1.17649307504243	0.886025539026365	0.486334442917681	1.62937421399612e-06	0.658731947214917	0.860338415498948	0.614719363851231
PheHasStruct_020_Trait_H2_03_GenotypeData_NoMissing_--assoc.qassoc	0.831227987674471	1.31978424070283	1.07679873123502	0.454646560757071	1.205175945862e-05	0.662455975348942	0.868978811216766	0.582441889658059
PheHasStruct_022_Trait_H2_03_GenotypeData_NoMissing_--assoc.qassoc	0.76119696143154	1.76935497290004	1.51608022025661	0.445424311983787	1.03942398743673e-06	0.52239392286308	0.815948217689482	0.592239575407614
PheHasStruct_023_Trait_H2_03_GenotypeData_NoMissing_--assoc.qassoc	0.86560602806041	1.04622310718936	0.658300321158626	0.464900643306896	1.16688437556967e-06	0.731212056120821	0.88855550434263	0.583440962881128
PheHasStruct_025_Trait_H2_03_GenotypeData_NoMissing_--assoc.qassoc	0.850230815250562	1.25224200073633	0.951026197165011	0.490748836367477	1.33378892364089e-06	0.700461630501124	0.871086024712953	0.567905354119067
PheHasStruct_028_Trait_H2_03_GenotypeData_NoMissing_--assoc.qassoc	0.809940520368491	1.46659457861361	1.20123262124885	0.528993373542761	1.42605549404706e-05	0.619881040736983	0.865986957001835	0.656135213842652
PheHasStruct_031_Trait_H2_03_GenotypeData_NoMissing_--assoc.qassoc	0.88098274246497	1.13798363214124	0.731860607687482	0.50418505793193	1.21975207256764e-06	0.76196548492994	0.897391473615607	0.607445858812374
PheHasStruct_032_Trait_H2_03_GenotypeData_NoMissing_--assoc.qassoc	0.799596528825766	1.23351603379943	0.916102880627841	0.452188774061562	8.26030996936566e-07	0.599193057651532	0.830435017481676	0.561058594972478
PheHasStruct_033_Trait_H2_03_GenotypeData_NoMissing_--assoc.qassoc	0.782634075469052	2.07221155056382	1.68508746230092	0.465958261754412	1.85233272165242e-06	0.565268150938103	0.831155105394552	0.604088988897538
PheHasStruct_034_Trait_H2_03_GenotypeData_NoMissing_--assoc.qassoc	0.873737401483026	1.24257022357762	0.97021971696704	0.520414831688876	1.73662764535454e-06	0.747474802966053	0.901763897671082	0.593392946643396
PheHasStruct_043_Trait_H2_03_GenotypeData_NoMissing_--assoc.qassoc	0.836724337059669	1.53422112817985	1.29822596626158	0.516652587479656	1.06617741246762e-06	0.673448674119338	0.874109119422743	0.633585619557063
PheHasStruct_044_Trait_H2_03_GenotypeData_NoMissing_--assoc.qassoc	0.823738967170195	1.16805339648685	0.834227992368379	0.502903811789679	6.81869997132267e-07	0.647477934340391	0.860955387804231	0.627412234078106
PheHasStruct_049_Trait_H2_03_GenotypeData_NoMissing_--assoc.qassoc	0.865469639311457	1.35098653022116	1.10769758827705	0.468597128470872	2.07823499775994e-06	0.730939278622913	0.886014439847489	0.582302973835078
PheHasStruct_050_Trait_H2_03_GenotypeData_NoMissing_--assoc.qassoc	0.846351518560901	1.30332131223781	0.958900688547931	0.506307677342828	1.58153983109699e-06	0.692703037121802	0.878947294208734	0.579038213937326
PheHasStruct_051_Trait_H2_03_GenotypeData_NoMissing_--assoc.qassoc	0.825042497877166	1.73716905472716	1.41703264323252	0.494668623089661	1.62806730652498e-06	0.650084995754333	0.861276564263401	0.609082780169647
PheHasStruct_052_Trait_H2_03_GenotypeData_NoMissing_--assoc.qassoc	0.80562865452902	1.39684425637003	1.16503010207319	0.501360045428395	1.0385466754359e-06	0.611257309058041	0.845538020469666	0.628319783272272
PheHasStruct_054_Trait_H2_03_GenotypeData_NoMissing_--assoc.qassoc	0.846088721174188	1.05298148001693	0.667644934434232	0.501963962197332	8.26126971276153e-07	0.692177442348377	0.872510946533889	0.580053438459613
PheHasStruct_057_Trait_H2_03_GenotypeData_NoMissing_--assoc.qassoc	0.778556385156114	1.66759248868929	1.33613200151353	0.473467003615041	1.00483848874955e-06	0.557112770312227	0.832614893512214	0.579203169610067
PheHasStruct_061_Trait_H2_03_GenotypeData_NoMissing_--assoc.qassoc	0.803004196590977	1.53225001420618	1.25267491026603	0.499414329337217	5.40987925456982e-06	0.606008393181954	0.845013689233255	0.578402416761752
PheHasStruct_063_Trait_H2_03_GenotypeData_NoMissing_--assoc.qassoc	0.727839053218897	1.28161931829403	1.03522846197298	0.465169526940865	1.50300021166672e-05	0.455678106437794	0.814246764383858	0.574669965047636
PheHasStruct_065_Trait_H2_03_GenotypeData_NoMissing_--assoc.qassoc	0.815561245744947	1.30736850024394	1.04952710282687	0.503585793994487	2.62380554261199e-06	0.631122491489895	0.855378538292771	0.580909713688006
PheHasStruct_066_Trait_H2_03_GenotypeData_NoMissing_--assoc.qassoc	0.814798289134259	1.48911919342701	1.18101124259726	0.504283745069572	3.26148905793744e-06	0.629596578268518	0.857916105170961	0.601326310997478
PheHasStruct_068_Trait_H2_03_GenotypeData_NoMissing_--assoc.qassoc	0.840748775696726	1.68707532936528	1.35058633301801	0.479537407447094	1.03282979646568e-06	0.681497551393452	0.868712021785576	0.59785564950289
PheHasStruct_071_Trait_H2_03_GenotypeData_NoMissing_--assoc.qassoc	0.853837755621321	1.15184459230534	0.866461722719606	0.48456158437655	3.09982392521224e-06	0.707675511242641	0.881671919501339	0.591884210200553
PheHasStruct_073_Trait_H2_03_GenotypeData_NoMissing_--assoc.qassoc	0.839826906416406	1.24516158313013	0.855505388662658	0.483201307247245	2.33311089170574e-06	0.679653812832812	0.869092236553906	0.598208451011663
PheHasStruct_074_Trait_H2_03_GenotypeData_NoMissing_--assoc.qassoc	0.887722247462442	1.11669500203343	0.642311225643814	0.541366059180368	2.839312716163e-06	0.775444494924885	0.902451664673391	0.608842781385573
PheHasStruct_075_Trait_H2_03_GenotypeData_NoMissing_--assoc.qassoc	0.842282434949361	1.26234348104309	0.948077592139858	0.506552025223787	1.45191442002535e-06	0.684564869898721	0.870670284411194	0.631680095867666
PheHasStruct_078_Trait_H2_03_GenotypeData_NoMissing_--assoc.qassoc	0.856398340847716	1.37235066401863	1.14513662594799	0.519481141917252	1.76488525371887e-06	0.712796681695432	0.885784878977875	0.591747821451599
PheHasStruct_079_Trait_H2_03_GenotypeData_NoMissing_--assoc.qassoc	0.822991868864635	1.30805207504635	1.02737444591867	0.509421894346903	1.23009956987108e-06	0.64598373772927	0.852557701065821	0.616317536740085
PheHasStruct_080_Trait_H2_03_GenotypeData_NoMissing_--assoc.qassoc	0.860865896421828	1.13338230980934	0.819076804779645	0.474185982201429	1.71816810012881e-06	0.721731792843656	0.882355071846729	0.602398229876205
PheHasStruct_082_Trait_H2_03_GenotypeData_NoMissing_--assoc.qassoc	0.849736497596258	1.21056205329332	0.851737594831367	0.446926295373384	6.62136074747188e-07	0.699472995192516	0.874074417935194	0.592302679009775
PheHasStruct_085_Trait_H2_03_GenotypeData_NoMissing_--assoc.qassoc	0.815806719856081	1.73214366405587	1.38506745739575	0.482465677342685	1.10964940591707e-06	0.631613439712163	0.855123523561578	0.605706572644863
PheHasStruct_088_Trait_H2_03_GenotypeData_NoMissing_--assoc.qassoc	0.886429575848937	1.12556586989928	0.720329284146346	0.487345931754801	6.6871503667798e-07	0.772859151697873	0.901244364212896	0.6057429405363
PheHasStruct_091_Trait_H2_03_GenotypeData_NoMissing_--assoc.qassoc	0.820762165526645	1.26461847121147	0.963238208757303	0.551844957078375	6.47557731425774e-06	0.64152433105329	0.866700379299162	0.667065541496112
PheHasStruct_092_Trait_H2_03_GenotypeData_NoMissing_--assoc.qassoc	0.737327025903058	1.56180671142321	1.33937218189537	0.473905866600086	9.32388713015264e-07	0.474654051806116	0.815566098459565	0.582253384585325
PheHasStruct_094_Trait_H2_03_GenotypeData_NoMissing_--assoc.qassoc	0.794594130852259	1.45204189483162	1.1614936027084	0.465796459093509	9.36183775168686e-07	0.589188261704519	0.838619697516564	0.568914462389722
PheHasStruct_095_Trait_H2_03_GenotypeData_NoMissing_--assoc.qassoc	0.86098776365119	1.12742553794855	0.704937093109478	0.544904558529125	1.51223528788158e-06	0.72197552730238	0.894062309954419	0.644532611249398
PheHasStruct_097_Trait_H2_03_GenotypeData_NoMissing_--assoc.qassoc	0.766042003266518	1.68706585463265	1.44449201619639	0.465697449828337	1.52030406408432e-06	0.532084006533036	0.827804644725438	0.579825159439143
PheNPStruct_008_Trait_H2_03_GenotypeData_NoMissing_--assoc.qassoc	0.726342970458322	2.04308193902697	1.51049644949129	0.408966641904134	0.0293718697311	0.452685940916643	0.791595464524733	0.481106331034612
PheNPStruct_010_Trait_H2_03_GenotypeData_NoMissing_--assoc.qassoc	0.710882221686287	1.19877952066949	0.914499394405681	0.363064169235235	0.00673441903295324	0.421764443372574	0.773158738155027	0.496574294786115
PheNPStruct_012_Trait_H2_03_GenotypeData_NoMissing_--assoc.qassoc	0.885809234111617	0.969081989066646	0.637219270781373	0.464149882999235	0.0113833865892838	0.771618468223234	0.89930818601682	0.589831347108084
PheNPStruct_017_Trait_H2_03_GenotypeData_NoMissing_--assoc.qassoc	0.866766248033048	1.17826732367939	0.88479796446493	0.515476572360703	0.0164693517645875	0.733532496066096	0.891364054129926	0.646800788373848
PheNPStruct_018_Trait_H2_03_GenotypeData_NoMissing_--assoc.qassoc	0.86135900547551	1.06591995397079	0.763621707940013	0.525444833769347	0.00152602150160619	0.722718010951021	0.889640736140327	0.631866952848644
PheNPStruct_019_Trait_H2_03_GenotypeData_NoMissing_--assoc.qassoc	0.823574359427936	1.31950191434183	1.08951282509988	0.455664303134554	0.0157199947291883	0.647148718855873	0.858298700516274	0.566022903714268
PheNPStruct_023_Trait_H2_03_GenotypeData_NoMissing_--assoc.qassoc	0.781572832562484	1.1467088547482	0.913987576809945	0.428609412238835	0.035467232337509	0.563145665124968	0.831813609612111	0.535023835984838
PheNPStruct_025_Trait_H2_03_GenotypeData_NoMissing_--assoc.qassoc	0.799391268153502	1.66778055060025	1.38012662572368	0.5394709210305	0.0126254110918657	0.598782536307004	0.862462128224835	0.641833036951499
PheNPStruct_027_Trait_H2_03_GenotypeData_NoMissing_--assoc.qassoc	0.631845747401371	2.22890681679361	1.81709966609673	0.350277432189884	0.0216164342237374	0.263691494802743	0.726301456858177	0.425593986003306
PheNPStruct_028_Trait_H2_03_GenotypeData_NoMissing_--assoc.qassoc	0.791708706740567	0.934230242064422	0.699678341240702	0.463567285302581	0.0347109958754929	0.583417413481134	0.837433419382035	0.533170099000872
PheNPStruct_030_Trait_H2_03_GenotypeData_NoMissing_--assoc.qassoc	0.839095831225149	1.15025386689597	0.860979128098645	0.467061680487656	0.0140556086365889	0.678191662450299	0.864831278437594	0.565778656515886
PheNPStruct_031_Trait_H2_03_GenotypeData_NoMissing_--assoc.qassoc	0.791459643451829	1.04416513876909	0.808220855293946	0.394170047033416	0.0345391100311789	0.582919286903659	0.826535430951273	0.525925380631369
PheNPStruct_032_Trait_H2_03_GenotypeData_NoMissing_--assoc.qassoc	0.793998034375898	1.1793484371895	0.939552694445539	0.447070629341872	0.029569861598678	0.587996068751796	0.842134894112851	0.553599514801787
PheNPStruct_035_Trait_H2_03_GenotypeData_NoMissing_--assoc.qassoc	0.843931607122027	1.08178932966216	0.829889888261482	0.453244537994001	0.0339054491242874	0.687863214244054	0.869438482319913	0.610368364988598
PheNPStruct_036_Trait_H2_03_GenotypeData_NoMissing_--assoc.qassoc	0.810246497759236	1.12750400741344	0.822546652371841	0.457953271301667	0.0219292725355542	0.620492995518472	0.844682312917322	0.576596584311522
PheNPStruct_040_Trait_H2_03_GenotypeData_NoMissing_--assoc.qassoc	0.87137297579997	1.31953645775506	1.02214561108335	0.508076305515481	0.00565122050828926	0.74274595159994	0.896751080095245	0.649833936443356
PheNPStruct_042_Trait_H2_03_GenotypeData_NoMissing_--assoc.qassoc	0.849323778796054	1.02934655715187	0.634197191427739	0.446980707083767	0.012826975963376	0.698647557592109	0.87265998896511	0.563954768304851
PheNPStruct_043_Trait_H2_03_GenotypeData_NoMissing_--assoc.qassoc	0.881663770603207	0.873369545864341	0.560713698604876	0.448222851922706	0.0341956760892236	0.763327541206414	0.897336006171921	0.65778356196944
PheNPStruct_044_Trait_H2_03_GenotypeData_NoMissing_--assoc.qassoc	0.70028905698204	2.03287672195435	1.48607561905459	0.391415442864276	0.00594408146930503	0.40057811396408	0.754091103948626	0.491108892901687
PheNPStruct_046_Trait_H2_03_GenotypeData_NoMissing_--assoc.qassoc	0.851778794589351	1.08328975837928	0.783764209699381	0.47838597626595	0.00337128795318276	0.703557589178703	0.880723955434866	0.599992382153657
PheNPStruct_047_Trait_H2_03_GenotypeData_NoMissing_--assoc.qassoc	0.697659453335289	1.50605567126383	1.25417759399005	0.374279484252985	0.0341871956857377	0.395318906670578	0.775239307501143	0.463896224423218
PheNPStruct_048_Trait_H2_03_GenotypeData_NoMissing_--assoc.qassoc	0.820623469449232	1.06932185367302	0.765625835309094	0.472591531718736	0.0289402422660153	0.641246938898463	0.866435384456773	0.546212328055961
PheNPStruct_051_Trait_H2_03_GenotypeData_NoMissing_--assoc.qassoc	0.72052967471613	2.38131923285879	1.5878553648262	0.346444724979287	0.0214330566030759	0.44105934943226	0.780284336114763	0.384715230803348
PheNPStruct_056_Trait_H2_03_GenotypeData_NoMissing_--assoc.qassoc	0.860037583816911	1.00027693721388	0.758550330889585	0.484270059448866	0.00543179905953273	0.720075167633822	0.888944252563836	0.643856857004784
PheNPStruct_058_Trait_H2_03_GenotypeData_NoMissing_--assoc.qassoc	0.772178746172078	1.78965609191343	1.40263352178146	0.441104660310161	0.00750327948840923	0.544357492344156	0.825758795179002	0.524078345887214
PheNPStruct_059_Trait_H2_03_GenotypeData_NoMissing_--assoc.qassoc	0.71374510356517	1.68602726312752	1.37965867929576	0.379721260596594	0.0162183899114655	0.427490207130341	0.763870440943287	0.478909534595369
PheNPStruct_060_Trait_H2_03_GenotypeData_NoMissing_--assoc.qassoc	0.744326727964693	1.70855032155906	1.35653969944758	0.462059670041772	0.0035991158339993	0.488653455929386	0.813606938539545	0.547779333698477
PheNPStruct_062_Trait_H2_03_GenotypeData_NoMissing_--assoc.qassoc	0.841865064867976	0.93435802776221	0.708785991108424	0.481061702734352	0.00530371076551295	0.683730129735952	0.869033967354232	0.610685384594114
PheNPStruct_064_Trait_H2_03_GenotypeData_NoMissing_--assoc.qassoc	0.883619927333803	0.958946214996462	0.593538923108915	0.468427563326953	0.0219722879744748	0.767239854667606	0.898116249433926	0.590749846956368
PheNPStruct_065_Trait_H2_03_GenotypeData_NoMissing_--assoc.qassoc	0.780014085690883	1.52516304163352	1.15474840951163	0.383749675005624	0.0195921308429824	0.560028171381766	0.824587899234205	0.515675128885353
PheNPStruct_066_Trait_H2_03_GenotypeData_NoMissing_--assoc.qassoc	0.842814365719984	0.946818111103498	0.613159004895335	0.476199775569716	0.0359203700739518	0.685628731439969	0.868823139794256	0.551430333055538
PheNPStruct_067_Trait_H2_03_GenotypeData_NoMissing_--assoc.qassoc	0.764313759313779	1.44018479117675	1.14569873036005	0.377645670699403	0.0314279141060264	0.528627518627557	0.80919051043416	0.531561671318863
PheNPStruct_069_Trait_H2_03_GenotypeData_NoMissing_--assoc.qassoc	0.789780512633447	1.21900872194493	0.90471141617897	0.395428318359005	0.00103770107144441	0.579561025266895	0.82919993751901	0.556868816107936
PheNPStruct_073_Trait_H2_03_GenotypeData_NoMissing_--assoc.qassoc	0.677997663738374	1.71328346543985	1.32965110618351	0.378212596021918	0.0158788107471741	0.355995327476748	0.747683579567398	0.4582858637127
PheNPStruct_078_Trait_H2_03_GenotypeData_NoMissing_--assoc.qassoc	0.876722626706668	1.48694361183666	1.11141529259902	0.577358644227863	0.0267234269380757	0.753445253413335	0.905194071044841	0.71402923458407
PheNPStruct_080_Trait_H2_03_GenotypeData_NoMissing_--assoc.qassoc	0.877070007824773	0.891868739168925	0.56142854229754	0.510994328112379	0.0113417212499919	0.754140015649547	0.895235732973244	0.577044535651063
PheNPStruct_082_Trait_H2_03_GenotypeData_NoMissing_--assoc.qassoc	0.696836194878427	1.45454739837586	1.19346775486825	0.311784383064109	0.0245592798529871	0.393672389756853	0.7543125708565	0.44762402851858
PheNPStruct_085_Trait_H2_03_GenotypeData_NoMissing_--assoc.qassoc	0.71571495776948	1.36048693159321	1.08004108846291	0.393235556732208	0.00638707537007499	0.43142991553896	0.785431912659927	0.518981310822597
PheNPStruct_087_Trait_H2_03_GenotypeData_NoMissing_--assoc.qassoc	0.81724270220392	1.04665968941671	0.813607876141002	0.503926998053023	0.0199215746826977	0.63448540440784	0.855630641395194	0.619646389095053
PheNPStruct_088_Trait_H2_03_GenotypeData_NoMissing_--assoc.qassoc	0.75034821432005	1.81300966187014	1.38810551218372	0.451228281052913	0.0223457215562636	0.500696428640099	0.799138487502245	0.559442586068387
PheNPStruct_092_Trait_H2_03_GenotypeData_NoMissing_--assoc.qassoc	0.766931313578573	1.34838724284341	1.00639827204935	0.417494276771317	0.0146587183961983	0.533862627157146	0.810860155568875	0.522857329640875
PheNPStruct_093_Trait_H2_03_GenotypeData_NoMissing_--assoc.qassoc	0.777070062761165	1.85837056152516	1.48108753977583	0.466584754301773	0.0113003884730347	0.554140125522331	0.822814607440109	0.577909197835286
PheNPStruct_095_Trait_H2_03_GenotypeData_NoMissing_--assoc.qassoc	0.762221873070931	1.33792854589772	1.04089939410032	0.403489415676501	0.00588720587901059	0.524443746141863	0.8028865045274	0.512308004177363
PheNPStruct_096_Trait_H2_03_GenotypeData_NoMissing_--assoc.qassoc	0.875424168459882	1.0398158157375	0.731251018939683	0.474611685999726	0.00383732062863751	0.750848336919764	0.89708831629298	0.629215576078571
PheNPStruct_097_Trait_H2_03_GenotypeData_NoMissing_--assoc.qassoc	0.873330762310192	1.12472791928036	0.923107050819139	0.565385677718794	0.0150308706445077	0.746661524620385	0.894748099246621	0.683324516042434
PheNPStruct_098_Trait_H2_03_GenotypeData_NoMissing_--assoc.qassoc	0.739401460685412	1.67868452049172	1.14140468018248	0.381085450435787	0.01302062419664	0.478802921370824	0.797119044048182	0.451517407236698
PheNPStruct_099_Trait_H2_03_GenotypeData_NoMissing_--assoc.qassoc	0.669228552054337	2.04976687388179	1.65444369386991	0.371423613778821	0.021504265263146	0.338457104108675	0.754938680914969	0.429512598837436
PheNPStruct_100_Trait_H2_03_GenotypeData_NoMissing_--assoc.qassoc	0.745123195774439	1.63203933109303	1.21384591418048	0.449941617947584	0.00622686814822737	0.490246391548879	0.805540811238374	0.545311188107517
